;NPC目录	所在地图id	所在坐标X	所在坐标Y	名称	标志	npc代码（模型）	是否属于沙城	是否移动	移动时间	按照开服天数出现	挂载脚本（脚本ID#脚本ID）	朝向	npc动作	npc特效
;list	map	posX	Y	name		show				openday	Script_id	dir	actionid	effectid

;特殊NPC

;特殊NPC/新人接待员	0	649	625	新人接待员	0	13	0	0	0
;特殊NPC/新人接待员	0	292	616	新人接待员	0	13	0	0	0

;比奇城
;---------------------------------------------------------------------------
比奇城/屠夫	0	313	271	屠夫	0	4	0	0	0	0		0		
比奇城/屠夫	0102	9	7	屠夫	0	11	0	0	0					
比奇城/卫家店	0103	19	18	卫家店	0	1	0	0	0					
比奇城/铁匠铺老板	0	302	219	铁匠铺老板	0	0	0	0	0					
比奇城/安家布衣	0106	19	6	安家布衣	0	7	0	0	0					
比奇城/赖家店老板	0108	7	7	赖家店老板	0	1	0	0	0					
比奇城/夏家店老板	0	324	291	夏家店老板	0	5	0	0	0					
比奇城/杳水店老板	0109	4	8	杳水店老板	0	9	0	0	0					
比奇城/陈家铺子老板	0104	5	8	陈家铺子老板	0	2	0	0	0					
比奇城/书店老板	0	325	250	书店老板	0	2	0	0	0					
比奇城/麦家铺子	0125	8	6	麦家铺子	0	9	0	0	0					
比奇城/仓库保管员	0	301	257	仓库保管员	0	6	0	0	0					
比奇城/杂货铺老板	0	378	298	杂货铺老板	0	3	0	0	0					
比奇城/特殊商人	0126	10	10	商人	0	9	0	0	0					
比奇城/彩票员	0	298	317	彩票员	0	3	0	0	0					
比奇城/黄飞龙	0111	7	11	黄飞龙	0	3	0	0	0					
比奇城/网络文明宣传员	0	326	261	网络文明宣传员	0	5	0	0	0					
比奇城/老兵	0	332	269	比奇老兵	0	9	0	0	0					
比奇城/海兵	0	107	415	海岛老兵	0	1	0	0	0					
比奇城/戒指店老板	0105	18	6	戒指店老板	0	4	0	0	0					
比奇城/手镯店老板	0105	12	12	手镯店老板	0	5	0	0	0					
比奇城/项链店老板	0105	6	18	项链店老板	0	6	0	0	0					
比奇城/武馆教头	0137	21	11	武馆教头   	0	15	0	0	0			

;银杏山谷
;---------------------------------------------------------------------------
比奇城/银杏山谷/许家店	0119	10	11	许家店	0	1	0	0	0					
比奇城/银杏山谷/药房小老板	0119	14	14	药房小老板	0	9	0	0	0					
比奇城/银杏山谷/陈家铺老板	0	643	611	陈家铺老板	0	3	0	0	0					
比奇城/银杏山谷/精武馆老板	0	649	602	精武馆老板	0	0	0	0	0					
比奇城/银杏山谷/高家店老板	0	643	601	高家店老板	0	7	0	0	0					
比奇城/银杏山谷/屠夫	0	649	591	屠夫	0	11	0	0	0					
比奇城/银杏山谷/廖家店老板	0	621	642	廖家店老板	0	6	0	0	0					
比奇城/银杏山谷/助理小敏	0	628	601	助理小敏	0	5	0	0	0					

;边界乡村
;---------------------------------------------------------------------------
比奇城/边界乡村/小店老板	0	291	610	边界村小店老板	0	1	0	0	0					
比奇城/边界乡村/铁匠铺	0	297	612	铁匠铺老板	0	0	0	0	0					
比奇城/边界乡村/屠夫	0	293	603	屠夫	0	11	0	0	0					
比奇城/边界乡村/白家服装老板	0	305	607	白家服装老板	0	7	0	0	0					
比奇城/边界乡村/书店老板	0132	5	18	书店老板	0	2	0	0	0					
比奇城/边界乡村/保管员	0140	8	9	仓库保管员	0	9	0	0	0					
比奇城/边界乡村/戒指店	0141	23	23	戒指店老板	0	4	0	0	0					
比奇城/边界乡村/手镯店	0141	16	16	手镯店老板	0	5	0	0	0					
比奇城/边界乡村/项链店	0141	10	10	项链店老板	0	6	0	0	0					
比奇城/边界乡村/助手阿	0	284	606	助手阿	0	5	0	0	0					
;---------------------------------------------------------------------------
比奇城/其它NPC/高级武士	0114	14	9	高级武士	0	3	0	0	0					
比奇城/其它NPC/高级武士	01141	14	9	高级武士	0	3	0	0	0					
比奇城/其它NPC/高级武士	01142	11	10	高级武士	0	3	0	0	0					
比奇城/其它NPC/高级道士	0113	7	5	高级道士	0	3	0	0	0					
比奇城/其它NPC/高级道士	01132	11	10	高级道士	0	3	0	0	0					
比奇城/其它NPC/高级魔法师	0115	5	11	高级魔法师	0	3	0	0	0					
比奇城/其它NPC/高级魔法师	01152	11	10	高级魔法师	0	3	0	0	0					
比奇城/其它NPC/沃玛铁匠	1	314	72	铁匠	0	0	0	0	0					
比奇城/其它NPC/沃玛商人	1	309	81	商人	0	4	0	0	0					
比奇城/其它NPC/沃玛老人	1	235	305	老人	0	9	0	0	0					
比奇城/其它NPC/森林老人	1	96	290	老人	0	3	0	0	0					
比奇城/其它NPC/仓库保管员	D002	174	216	仓库保管员	0	3	0	0	0					
比奇城/其它NPC/刘老头	D002	187	214	刘老头	0	9	0	0	0					
比奇城/其它NPC/不法小贩	DM001	4	6	不法小贩	0	9	0	0	0					
比奇城/其它NPC/不法小贩	DM011	4	6	不法小贩	0	9	0	0	0	
比奇城/其它NPC/踏云尊者	 0113	8	8	踏云尊者	0	14	0	0	0	


;毒蛇山谷
;---------------------------------------------------------------------------	
毒蛇山谷/朴铁匠	0120	7	8	朴铁匠	0	0	0	0	0					
毒蛇山谷/铁匠	2	518	492	铁匠	0	0	0	0	0					
毒蛇山谷/薄家药铺老板	0117	4	10	薄家药铺老板	0	1	0	0	0					
毒蛇山谷/药铺老板	2	505	497	药铺老板	0	1	0	0	0					
毒蛇山谷/罗家铺子老板	2	505	479	罗家铺子老板	0	3	0	0	0					
毒蛇山谷/米家服装老板	2	517	477	米家服装老板	0	7	0	0	0					
毒蛇山谷/山谷仓库保管员	2	517	466	仓库保管员	0	12	0	0	0					
毒蛇山谷/入场员	2	450	300	入场员	0	2	0	0	0					
毒蛇山谷/退场员	Y003	41	41	退场员	0	2	0	0	0		
毒蛇山谷/神秘老人	 2	515	 464	神秘老人	0	9	0	0	0			

;盟重省
;---------------------------------------------------------------------------
盟重省/仓库保管员	0145	9	12	仓库保管员	0	9	0	0	0					
盟重省/悦来客栈老板	3	305	373	悦来客栈老板	0	6	0	0	0					
盟重省/林小姐	0148	10	9	林小姐	0	13	0	0	0					
盟重省/张家布衣老板	0149	23	20	张家布衣老板	0	7	0	0	0					
盟重省/手套店老板	0149	11	18	手套店老板	0	4	0	0	0					
盟重省/老张头盔店	0149	8	5	老张头盔店	0	5	0	0	0					
盟重省/铁匠铺老板	0159	5	9	铁匠铺老板	0	0	0	0	0					
盟重省/罗家铺子老板	0160	5	8	罗家铺子老板	0	1	0	0	0					
盟重省/戒指店老板	0158	11	16	戒指店老板	0	5	0	0	0					
盟重省/手镯店老板	0158	16	11	手镯店老板	0	6	0	0	0					
盟重省/项链店老板	0158	4	21	项链店老板	0	4	0	0	0					
盟重省/流浪汉	3	346	334	流浪汉	0	3	0	0	0					
盟重省/屠夫	3	355	329	屠夫	0	11	0	0	0					
盟重省/药店老板	3	361	335	药店老板	0	1	0	0	0					
盟重省/书店老板	0161	12	14	书店老板	0	2	0	0	0					
盟重省/网络文明宣传员	3	309	309	网络文明宣传员	0	5	0	0	0					
盟重省/彩票员	3	284	343	彩票员	0	3	0	0	0					
盟重省/老兵	3	327	322	盟重老兵	0	9	0	0	0					
盟重省/占星法师	3	850	662	占星法师	0	9	0	0	0					
盟重省/老人	3	855	661	老人	0	3	0	0	0					
盟重省/商人	0146	4	11	商人	0	9	0	0	0					
盟重省/入场员	3	480	350	入场员	0	2	0	0	0					
;---------------------------------------------------------------------------

盟重省/其它NPC/蜈蚣洞服装小贩	 D608	  30	22	服装小贩	0	3	0	0	0					
盟重省/其它NPC/祖玛阁药品小贩	 D5063	11	71	药品小贩	0	1	0	0	0					
盟重省/其它NPC/石墓阵武器店	   D71650	23	27	武器店老板	0	0	0	0	0					
盟重省/其它NPC/石墓阵服装店	   D71651	23	27	服装店老板	0	7	0	0	0					
盟重省/其它NPC/石墓阵药品店	   D71653	23	27	药品店老板	0	3	0	0	0					
盟重省/其它NPC/石墓阵首饰店	   D71652	23	27	首饰店老板	0	5	0	0	0					
盟重省/其它NPC/桃源神秘老人	   R001	  21	83	神秘老人	0	9	0	0	0					
盟重省/其它NPC/桃源合成师	     R001	  53	115	合成师	0	15	0	0	0					
盟重省/其它NPC/蜈蚣老人	       E603  	31	191	老人	0	9	0	0	0		
盟重省/其它NPC/论武尊	         R001	  100	93	论武尊	0	15	0	0	0		


;沙巴克
;---------------------------------------------------------------------------
沙巴克/屠夫	               3	     659	    301	  屠夫	0	11	0	0	0					
沙巴克/铁匠铺老板	         0151	   3	      19	  铁匠铺老板	0	0	1	0	0					
沙巴克/武器铺老板	         0151	   7	      14	  武器铺老板	0	0	1	0	0					
沙巴克/布衣店老板	         0155	   13	      7	    布衣店老板	0	7	1	0	0					
沙巴克/头盔店老板	         0155	   9	      11	  头盔店老板	0	5	1	0	0					
沙巴克/毒药老板	           0153	   7	      14	  毒药老板	0	9	1	0	0					
沙巴克/药店	               0153	   14	      7	    药店老板	0	1	1	0	0					
沙巴克/仓库管理员          0152	   7	      12	  仓库管理员	0	6	1	0	0					
沙巴克/商人	               0152	   5	      14	  商人	0	9	1	0	0					
沙巴克/小贩	               3	     663	    304	  小贩	0	3	1	0	0					
沙巴克/手镯店老板	         0154	   14	      7	    手镯店老板	0	6	1	0	0					
沙巴克/项链店老板	         0154    3	      18	  项链店老板	0	6	1	0	0					
沙巴克/戒指店老板	         0154	   10	      15	  戒指店老板	0	5	1	0	0					
沙巴克/炼武器老板	         0151	   12	      10	  炼武器老板	0	0	1	0	0		


;白日门
;---------------------------------------------------------------------------
白日门\武器店老板	         1001	   14	      12	  武器店老板	0	15	0	0	0					
白日门\杂货店老板	         1007	   11	      14	  杂货店老板	0	17	0	0	0					
白日门\首饰店老板	         1005	   9	      11	  首饰店老板	0	20	0	0	0					
白日门\服装店打杂	         1003	   13	      16	  服装店打杂	0	23	0	0	0								
白日门\药店老板	           1006  	 9	      10	  药店老板	0	25	0	0	0					
白日门\药剂师	             1006    12	      7	    药剂师	0	22	0	0	0					
白日门\书店老板	           1004	   9	      11	  书店老板	0	18	0	0	0					
白日门\天尊	               1002	   14	      13	  天尊	0	14	0	0	0					

白日门\向导	               11	     186	    299	   向导	0	15	0	0	0	
白日门\仓库保管员	         11	     184	    297	   仓库保管员	0	10	0	0	0					
白日门\特殊修理师傅	       11	     203	    321	   特殊修理师傅	0	23	0	0	0		
白日门\白日门来使	         D701	   103	    156	   白日门来使 	0	15	0	0	0					
白日门\白日门勇士	         1	     54	      165	   白日门勇士 	0	15	0	0	0			

白日门\NPC\8Wae1	         11	     179	    309	   武术学员	0	21	0	0	0					
白日门\NPC\8Wae2	         11	     181	    311	   武术学员	0	21	0	0	0					
白日门\NPC\8Wae3	         11	     179	    313	   武术学员	0	21	0	0	0					
白日门\NPC\8Wae4	         11	     177	    311	   武术学员	0	21	0	0	0					
白日门\NPC\8Wae5	         11	     175	    313	   武术学员	0	21	0	0	0					
白日门\NPC\8Wae6	         11	     177	    315	   武术学员	0	21	0	0	0					
白日门\NPC\8Wtt	           11    	 182	    308	   武术教头	0	16	0	0	0			

白日门\NPC\8Wae1	         11	     191	    329	   道术学员	0	19	0	0	0					
白日门\NPC\8Wae2	         11	     189	    327	   道术学员	0	19	0	0	0					
白日门\NPC\8Wae3	         11      191	    325	   道术学员	0	19	0	0	0					
白日门\NPC\8Wae4	         11      193	    327	   道术学员	0	19	0	0	0					
白日门\NPC\8Wae5	         11	     195	    325	   道术学员	0	19	0	0	0					
白日门\NPC\8Wae6	         11	     193	    323	   道术学员	0	19	0	0	0					
白日门\NPC\8Wtt	           11	     196	    322	   道术教头	0	24	0	0	0						


;封魔谷
;---------------------------------------------------------------------------
封魔谷/沃玛教主	           b341	   17	      22	   沃玛教主	0	10034	0	0	0			3	0	
封魔谷/恶魔老兵	           4	     240	    199	   恶魔老兵	0	10031	0	0	0			4	0	
封魔谷/恶魔杂货匠	         4	     255	    224	   恶魔杂货匠	0	10027	0	0	0			4	0	
封魔谷/恶魔屠夫	           4	     243	    187	   恶魔屠夫	0	10100	0	0	0			4	0	
封魔谷/恶魔铁匠	           4	     227	    223	   恶魔铁匠	0	10032	0	0	0			4	0	
封魔谷/恶魔老人	           4	     262	    245	   恶魔老人	0	10040	0	0	0			4	0	
封魔谷/恶魔首饰店老板	     b344	   10	      10	   恶魔首饰店老板	0	10030	0	0	0			4	0	
封魔谷/恶魔保管员	         b347	   9	      10	   恶魔保管员	0	10050	0	0	0			4	0	
封魔谷/恶魔布店老板	       b345	   12	      10	   恶魔布店老板	0	10033	0	0	0			4	0	
封魔谷/恶魔学者	           b343	   6      	18	   恶魔学者	0	10032	0	0	0			4	0	
封魔谷/恶魔炼药师	         b343	   14     	10	   恶魔炼药师	0	10010	0	0	0			0	0	
封魔谷/恶魔药剂师	         b343	   9	      13	   恶魔药剂师	0	10030	0	0	0			4	0	
封魔谷/恶魔铁匠铺老板	     b342	   14	      7	     恶魔铁匠铺老板	0	10151	0	0	0			4	0	
封魔谷/恶魔冶练师	         b342	   8	      13	   恶魔冶练师	0	10032	0	0	0			4	0	
;封魔谷/红娘	               M102	   10	      16	   红娘	0	98	0	0	0					
封魔谷/彩票员	             4	     200	    202	   彩票员	0	3	0	0	0	
;---------------------------------------------------------------------------
封魔谷/NPC/恶魔树	         4	     265	    247	    恶魔树	0	10141	0	0	0			0	0	
封魔谷/NPC/恶魔树	         4	     267	    249	    恶魔树	0	10141	0	0	0			0	0	
封魔谷/NPC/恶魔树	         4	     269	    251	    恶魔树	0	10141	0	0	0			0	0	
封魔谷/NPC/恶魔树	         4	     271	    253	    恶魔树	0	10141	0	0	0			0	0	
封魔谷/NPC/恶魔树	         4	     273	    255	    恶魔树	0	10141	0	0	0			0	0	
封魔谷/NPC/恶魔树	         4	     275	    257	    恶魔树	0	10141	0	0	0			0	0	
封魔谷/NPC/恶魔树	         4	     277	    259	    恶魔树	0	10141	0	0	0			0	0	
封魔谷/NPC/恶魔树	         4	     279	    261	    恶魔树	0	10141	0	0	0			0	0	
封魔谷/NPC/恶魔树	         4	     281	    263	    恶魔树	0	10141	0	0	0			0	0	
封魔谷/NPC/恶魔树	         4	     283	    265	    恶魔树	0	10141	0	0	0			0	0	
封魔谷/NPC/恶魔树	         4	     259	    253	    恶魔树	0	10141	0	0	0			0	0	
封魔谷/NPC/恶魔树	         4	     261	    255	    恶魔树	0	10141	0	0	0			0	0	
封魔谷/NPC/恶魔树	         4	     263	    257   	恶魔树	0	10141	0	0	0			0	0	
封魔谷/NPC/恶魔树	         4	     265	    259	    恶魔树	0	10141	0	0	0			0	0	
封魔谷/NPC/恶魔树	         4	     267	    261	    恶魔树	0	10141	0	0	0			0	0	
封魔谷/NPC/恶魔树	         4	     269	    263	    恶魔树	0	10141	0	0	0			0	0	
封魔谷/NPC/恶魔树	         4	     271	    265	    恶魔树	0	10141	0	0	0			0	0	
封魔谷/NPC/恶魔树	         4	     273	    267	    恶魔树	0	10141	0	0	0			0	0	
封魔谷/NPC/恶魔树	         4	     275	    269	    恶魔树	0	10141	0	0	0			0	0	
封魔谷/NPC/恶魔树	         4	     277	    271	    恶魔树	0	10141	0	0	0			0	0	
;---------------------------------------------------------------------------			
封魔谷/NPC/恶魔守卫	       4	     216	    202	  恶魔守卫	0	10062	0	0	0			3	9	
封魔谷/NPC/恶魔守卫	       4	     215	    203	  恶魔守卫	0	10062	0	0	0			3	9	
封魔谷/NPC/恶魔守卫	       4	     214	    204	  恶魔守卫	0	10062	0	0	0			3	9	
封魔谷/NPC/恶魔守卫	       4	     213	    205	  恶魔守卫	0	10062	0	0	0			3	9	
封魔谷/NPC/恶魔守卫	       4	     223	    195	  恶魔守卫	0	10061	0	0	0			3	9	
封魔谷/NPC/恶魔守卫	       4	     224	    194	  恶魔守卫	0	10061	0	0	0			3	9	
封魔谷/NPC/恶魔守卫	       4	     225	    193	  恶魔守卫	0	10061	0	0	0			3	9	
封魔谷/NPC/恶魔守卫	       4	     226	    192	  恶魔守卫	0	10061	0	0	0			3	9	

封魔谷/NPC/kljl	           4	     216	    220	  骷髅精灵	0	10150	0	0	0			5	0	
封魔谷/NPC/klzj1	         4	     211	    221	  骷髅战将	0	10023	0	0	0			1	0	
封魔谷/NPC/klzj2	         4	     212	    222	  骷髅战将	0	10023	0	0	0			1	0	
封魔谷/NPC/klzj3	         4	     214	    224	  骷髅战将	0	10023	0	0	0			1	0	
封魔谷/NPC/klzj4	         4	     215	    225	  骷髅战将	0	10023	0	0	0			1	0	
封魔谷/NPC/klzs1	         4	     213	    227	  骷髅战士	0	10022	0	0	0			1	0	
封魔谷/NPC/klzs2	         4	     212	    226	  骷髅战士	0	10022	0	0	0			1	0	
封魔谷/NPC/klzs3	         4	     210	    224	  骷髅战士	0	10022	0	0	0			1	0	
封魔谷/NPC/klzs4	         4	     209	    223	  骷髅战士	0	10022	0	0	0			1	0	
封魔谷/NPC/kl1	           4	     207	    225	  掷斧骷髅	0	10021	0	0	0			1	0	
封魔谷/NPC/kl2	           4	     208	    226	  掷斧骷髅	0	10021	0	0	0			1	0	
封魔谷/NPC/kl3	           4	     210	    228	  掷斧骷髅	0	10021	0	0	0			1	0	
封魔谷/NPC/kl4	           4	     211	    229	  掷斧骷髅	0	10021	0	0	0			1	0	
封魔谷/NPC/kl5	           4	     209	    231	      骷髅	0	10020	0	0	0			1	0	
封魔谷/NPC/kl6	           4	     208	    230	      骷髅	0	10020	0	0	0			1	0	
封魔谷/NPC/kl7	           4	     206	    228	      骷髅	0	10020	0	0	0			1	0	
封魔谷/NPC/kl8	           4	     205	    227	      骷髅	0	10020	0	0	0			1	0	

;苍月岛
;---------------------------------------------------------------------------
苍月岛\杂货小贩     	     5	     137	    313	      杂货小贩	0	3	0	0	0
苍月岛\流浪学者	           5	     155	    298	      流浪学者	0	2	0	0	0					
苍月岛\武器管理员          5	     127	    306     	武器管理员	0	1	0	0	0					
苍月岛\饰品铺老板	         5	     155	    339	      饰品铺老板	0	5	0	0	0					
苍月岛\布料铺管家	         5	     147    	328	      布料铺管家	0	7	0	0	0					
苍月岛\保管员	             5       126	    331	      仓库保管员	0	6	0	0	0					
苍月岛\老中医	             5	     148	    352	      老中医	0	1	0	0	0					
苍月岛\老兵	               5	     143	    335	      海岛老兵	0	9	0	0	0	
苍月岛\天虹法师	           5	     118	    366	      天虹法师	0	24	0	0	0		

;城市传送
;---------------------------------------------------------------------------	
传送员/传送员	             0	     287	    615	      传送员	0	8	0	0	0					
传送员/传送员	             0	     652	    625	      传送员	0	8	0	0	0					
传送员/传送员	             0	     330	    267	      传送员	0	8	0	0	0					
传送员/传送员	             2	     509	    483	      传送员	0	8	0	0	0					
传送员/传送员	             3	     339	    334	      传送员	0	8	0	0	0					
传送员/传送员	             5	     141	    335	      传送员	0	8	0	0	0					
传送员/传送员	             11	     181	    322	      传送员	0	8	0	0	0					


;影之道\影之道_神秘老人	0150	16	8	神密老人	0	9	0
;影之道\影之道_幻境小贩	H203	21	17	影之道小贩	0	3	0
;影之道\影之道_仓库保管	H203	18	20	影之道保管员	0	9	0


;幻境

幻境\H1H3      H003 89 79         幻境小贩          0	3	0
幻境\H6H3      H003 80 87         仓库管理员         0	9	0
幻境\H1H7      H007 170 170       幻境小贩          0	3	0
幻境\H6H7      H007 160 180       仓库管理员         0	9	0
幻境\Hsender03    H003 83 83      幻境向导           0	15	0
幻境\Hsender07    H007 55 75      沙巴克密使           0	12	0
幻境\Hsendersy    B201 10 10      圣域引路人           0	1	0
幻境\Hmaker08     H008 28 21      升级师         0	15	0
幻境\Hsender01    H001 72 68      神秘老人           0	1	0


;测试
test_npc/test 3 318 334 渔夫 0 15 0 0 0