;地图号 座标X 座标Y 禁止说话 大小范围 光环类型 PKZONE PKFIRE
;-----------------------------------------------------------
0       289    618     0       10       3      0       0
0       650    631     0       10       3      0       0
0       334    266     0       10       3      0       0
2       503    483     0       10       3      0       0
3       330    330     0       10       3      0       0
4       240    200     0       10       3      0       0
11      178    326     0       10       3      0       0
5       141    337     0       10       3      0       0
